"week_year","list_price","product_mrp","gmv","units","sla","promotional_offer","number","Total.Investment","TV","Digital","Sponsorship","Content.Marketing","Online.marketing","Affiliates","SEM","product_procurement_sla","per_order","NPS","Premium_p","Mass_p","Middle_p","inc_LP_MA1","inc_LP_MA2","inc_LP_MA3","inc_PO_MA1","inc_PO_MA2","inc_PO_MA3","list_price-1","list_price-2","list_price-3","promotional_offer-1","promotional_offer-2","promotional_offer-3","NPS-1","NPS-2","NPS-3"
4,1651.87581870579,2689.64658108462,1659.55200419177,1.01414723604925,7.12444328006288,0.418183608683904,1,74.2,4.4,0.5,4.2,0.9,22.9,7.4,4.2,2.60309143306261,0.252816347917212,47.1,0,3817,0,0.180756184575482,0.24370366549024,0.324208629499432,-0.0812558839277674,-0.0825228744599668,-0.0958987295371263,1146.12065217391,1186.57605521635,1005.20259515571,0.492153886530108,0.457054444190771,0.482770746329774,47.1,47.1,47.1
5,1185.00421141293,2098.40050536955,1194.33691303432,1.01958307012003,6.23310170562224,0.476004486115763,2,56.6900821225521,3.19241945672773,1.43922931143399,9.23158559696778,0.698736576121289,20.8873657612129,6.79620972836387,4.66961465571699,2.60138976626658,0.219204042956412,49.2468098547062,0,4749,0,-0.164572206909054,-0.107453671789856,-0.0830938225059131,0.0646629917890076,0.0300585840858278,0.0328857743799669,1651.87581870579,1146.12065217391,1186.57605521635,0.418183608683904,0.492153886530108,0.457054444190771,47.1,47.1,47.1
6,1061.92813721233,1970.79461571863,1073.2286148502,1.02192792010421,6.30937907077725,0.483089797867671,0,48.1,2.6,1.9,11.7,0.6,19.9,6.5,4.9,2.65610073816761,0.211463308727746,50.3,0,4606,0,-0.0547751579062444,-0.182882492570072,-0.158023294119314,0.00738750284537233,0.0522708607456488,0.0336612509605741,1185.00421141293,1651.87581870579,1146.12065217391,0.476004486115763,0.418183608683904,0.492153886530108,49.2468098547062,47.1,47.1
7,1097.25361646884,1954.66153560831,1107.56509643917,1.01761869436202,6.08160237388724,0.469362647029188,2,48.1,2.6,1.9,11.7,0.6,19.9,6.5,4.9,2.58456973293769,0.217544510385757,50.3,0,5392,0,0.0163605862249832,-0.0156764953369152,-0.121505166307775,-0.0144124264807466,-0.0142594358169548,0.016684377797364,1061.92813721233,1185.00421141293,1651.87581870579,0.483089797867671,0.476004486115763,0.418183608683904,50.3,49.2468098547062,47.1
8,1108.52655265527,2090.50315031503,1115.23600360036,1.01620162016202,6.19387938793879,0.484218492631908,2,48.1,2.6,1.9,11.7,0.6,19.9,6.5,4.9,2.52727272727273,0.225022502250225,50.3,0,5555,0,0.00511063447945469,0.0177100726882928,-0.00417864550072313,0.0155790052726921,0.011126097110624,0.0126516744994773,1097.25361646884,1061.92813721233,1185.00421141293,0.469362647029188,0.483089797867671,0.476004486115763,50.3,50.3,49.2468098547062
9,836.01383286091,1654.01229574503,845.95599461897,1.01698754246886,6.01666397023135,0.509875958562002,0,70.0153858598932,5.42915385859893,1.98445235398803,24.3256269212102,0.515547646011972,19.2666073450898,6.37332146901796,5.02667853098204,2.37809415952111,0.206762659763792,49.7510596990778,0,6181,0,-0.140142483963899,-0.175472929151011,-0.185116531282085,0.0258098874802893,0.045215385912749,0.0477547899533913,1108.52655265527,1097.25361646884,1061.92813721233,0.484218492631908,0.469362647029188,0.483089797867671,50.3,50.3,50.3
10,1528.30467557252,2591.0106870229,1538.71183206107,1.02118320610687,6.07404580152672,0.450426889147463,3,100,9.3,2.1,41.6,0.4,18.4,6.2,5.2,2.54141221374046,0.314503816793893,49,1,5239,0,0.292807775366236,0.320218422091149,0.337655734286519,-0.0619065845283482,-0.0645477988417599,-0.0586119281633292,836.01383286091,1108.52655265527,1097.25361646884,0.509875958562002,0.484218492631908,0.469362647029188,49.7510596990778,50.3,50.3
11,967.235946159937,1940.40835312747,976.753859857482,1.01603325415677,6.1118368962787,0.52853128085589,0,100,9.3,2.1,41.6,0.4,18.4,6.2,5.2,2.42537608867775,0.220308788598575,49,0,5050,2,-0.224828529949185,-0.129022839629983,-0.128632162718761,0.0797831757287028,0.0649902579111026,0.0714996147141236,1528.30467557252,836.01383286091,1108.52655265527,0.450426889147463,0.509875958562002,0.484218492631908,49,49.7510596990778,50.3
12,995.552748414376,1917.74270613108,1003.61617336152,1.01775898520085,5.87209302325581,0.508808661843194,0,100,9.3,2.1,41.6,0.4,18.4,6.2,5.2,2.45200845665962,0.263213530655391,49,0,4729,1,0.0144268215588949,-0.144492017663362,-0.0797059543869174,-0.019012686392253,0.0259846858093039,0.0188181075939706,967.235946159937,1528.30467557252,836.01383286091,0.52853128085589,0.450426889147463,0.509875958562002,49,49,49.7510596990778
13,958.479229989868,1774.83546099291,967.991691995947,1.01621073961499,5.72867274569402,0.500772593121467,0,100,9.3,2.1,41.6,0.4,18.4,6.2,5.2,2.34873353596758,0.39047619047619,49,0,4935,0,-0.0189728309639968,-0.0156884735594437,-0.138362880101858,-0.00795980381193562,-0.0232718709603734,0.007317404591106,995.552748414376,967.235946159937,1528.30467557252,0.508808661843194,0.52853128085589,0.450426889147463,49,49,49
14,1008.69233395332,1905.00272084165,1016.61418552217,1.02013422818792,5.72936695084346,0.503690755658942,0,56.8,5.2,0.9,24.3,0,16.5,5.7,4.2,2.4659894794123,0.813894431344096,51.8,0,5513,0,0.0255255336564546,0.0213832550123382,0.026669246099531,0.002905195636075,-0.00145363400058633,-0.0132433270905999,958.479229989868,995.552748414376,967.235946159937,0.500772593121467,0.508808661843194,0.52853128085589,49,49,49
15,936.361341440943,1881.26312880044,943.029113690805,1.01308273447577,5.74313617099687,0.524470296076528,0,56.8,5.2,0.9,24.3,0,16.5,5.7,4.2,2.3589460106873,0.968675142804496,51.8,0,5427,0,-0.0371871447186233,-0.0325289515011735,-0.0394041838719439,0.0202103944537794,0.0290903686515506,0.0295125038177023,1008.69233395332,958.479229989868,995.552748414376,0.503690755658942,0.500772593121467,0.508808661843194,51.8,49,49
16,1071.70099061522,2059.07221063608,1082.24296141814,1.0174661105318,5.55057351407716,0.521896131615624,0,56.8,5.2,0.9,24.3,0,16.5,5.7,4.2,2.50755995828989,0.958029197080292,51.8,0,3836,0,0.0673981315289646,0.0657489016495188,0.0783777947695359,-0.00246009848250011,0.0100842805437566,0.0179218921100082,936.361341440943,1008.69233395332,958.479229989868,0.524470296076528,0.503690755658942,0.500772593121467,51.8,51.8,49
17,1037.41354548015,2007.17671078569,1045.86975499859,1.0107012109265,6.12968177978034,0.527536393330691,0,56.8,5.2,0.9,24.3,0,16.5,5.7,4.2,2.50492818924247,0.669952126161645,51.8,0,7102,0,-0.0162567961807112,0.021922603096806,0.0235525428274882,0.00537458253007339,0.00553170046646961,0.0156681253765566,1071.70099061522,936.361341440943,1008.69233395332,0.521896131615624,0.524470296076528,0.503690755658942,51.8,51.8,51.8
18,1023.55800609647,1995.92235969159,1029.68334229873,1.01255155101309,5.70790747713825,0.552925214816343,0,72.7530392684239,2.3539178769948,0.825103102026179,29.8423704500628,0.599175183790568,21.8925766541151,6.52386587771203,6.22221624529317,2.4032634032634,0.209610901918594,48.4296395911781,0,5577,0,-0.00672281932910688,-0.0197909366738526,0.0061926593569164,0.0234981245925006,0.0352093064403512,0.0399058231300297,1037.41354548015,1071.70099061522,936.361341440943,0.527536393330691,0.521896131615624,0.524470296076528,51.8,51.8,51.8
19,894.949506970418,1855.27371642299,902.296327779667,1.01717103026182,5.73937436246175,0.562980361598042,0,78.1,1.4,0.8,31.7,0.8,23.7,6.8,6.9,2.36807208432506,0.206902414144849,47.3,0,5882,0,-0.0670357026230553,-0.0917049313113327,-0.111188193880737,0.00901075054576593,0.0276852580660992,0.039986062674028,1023.55800609647,1037.41354548015,1071.70099061522,0.552925214816343,0.527536393330691,0.521896131615624,48.4296395911781,51.8,51.8
20,1071.31263696129,2047.92841490139,1081.38787436085,1.01625273922571,5.6345872899927,0.539133377037266,0,78.1,1.4,0.8,31.7,0.8,23.7,6.8,6.9,2.42841490138787,0.224433893352812,47.3,0,5476,0,0.0896946170352519,0.0749602817592803,0.0640680109089763,-0.0216374986762299,-0.0227419555662762,-0.01193170200134,894.949506970418,1023.55800609647,1037.41354548015,0.562980361598042,0.552925214816343,0.527536393330691,47.3,48.4296395911781,51.8
21,1324.06531347193,2370.04583401539,1333.19430348666,1.01800622033066,5.39319037485677,0.522924761760357,2,78.1,1.4,0.8,31.7,0.8,23.7,6.8,6.9,2.41577999672614,0.235881486331642,47.3,0,6109,0,0.105516825211207,0.207234231802024,0.227724124504352,-0.0152615141156576,-0.0346233120636188,-0.0396079455172114,1071.31263696129,894.949506970418,1023.55800609647,0.539133377037266,0.562980361598042,0.552925214816343,47.3,47.3,48.4296395911781
22,1076.50524415406,2010.90904401651,1084.06980742779,1.01667812929849,5.82651306740027,0.533116058259397,1,68.8197902338377,1.47886863823934,0.95773727647868,29.9386004126547,0.589683631361761,19.5725412654746,5.7484181568088,6.05873452544704,2.37259284731774,0.222317744154058,48.141265474553,0,5816,0,-0.103125512612589,-0.0698086452052743,-0.0139258197182058,0.00965047591517329,0.002616628158149,-0.0119038395625765,1324.06531347193,1071.31263696129,894.949506970418,0.522924761760357,0.539133377037266,0.562980361598042,47.3,47.3,47.3
23,836.263482551992,1726.00669721537,846.965985195629,1.02062037363412,5.76912231230173,0.567218007336703,0,42.8,1.7,1.4,25,0,8,2.8,3.7,2.30384208671131,0.188755727881565,50.5,0,5674,0,-0.125598959376434,-0.224924597148011,-0.223551522059787,0.0309923596329186,0.0482949443012252,0.0492416799953012,1076.50524415406,1324.06531347193,1071.31263696129,0.533116058259397,0.522924761760357,0.539133377037266,48.141265474553,47.3,47.3
24,1064.73524720893,1978.16487240829,1074.13058213716,1.02292663476874,5.74760765550239,0.528438242953466,0,42.8,1.7,1.4,25,0,8,2.8,3.7,2.39553429027113,0.211323763955343,50.5,0,5016,0,0.120185122209773,0.0727796737167349,-0.00990994116407159,-0.0353940977135548,-0.0266811877025759,-0.0176344983778757,836.263482551992,1076.50524415406,1324.06531347193,0.567218007336703,0.533116058259397,0.522924761760357,50.5,48.141265474553,47.3
25,1144.12702078522,2044.59686938671,1159.22068257634,1.02874005645368,5.93225558121632,0.494850474268842,0,42.8,1.7,1.4,25,0,8,2.8,3.7,2.49935848088273,0.213497562227354,50.5,0,3897,0,0.0359423829754596,0.127172190422698,0.110363370477751,-0.0328233548551157,-0.066617323973819,-0.0679126664631255,1064.73524720893,836.263482551992,1076.50524415406,0.528438242953466,0.567218007336703,0.533116058259397,50.5,50.5,48.141265474553
26,1333.25402985075,2259.56776119403,1348.96089552239,1.0265671641791,5.83373134328358,0.469123466954171,0,42.8,1.7,1.4,25,0,8,2.8,3.7,2.51283582089552,0.225970149253731,50.5,0,3351,0,0.0763415095215072,0.129201232603736,0.218034155757854,-0.0266884883651839,-0.0569827720623256,-0.0889170902869462,1144.12702078522,1064.73524720893,836.263482551992,0.494850474268842,0.528438242953466,0.567218007336703,50.5,50.5,50.5
27,1282.34366925065,2292.11455641688,1291.29888027562,1.02497846683893,6.26184323858742,0.428877125087831,0,17.1,0.2,2.5,7.4,0,1.3,0.5,5,2.74935400516796,0.347975882859604,54.6,0,1227,0,-0.019464140306283,0.0232214575188258,0.0632018323266568,-0.0448177230872661,-0.0762606237066588,-0.107105581611642,1333.25402985075,1144.12702078522,1064.73524720893,0.469123466954171,0.494850474268842,0.528438242953466,50.5,50.5,50.5
28,1450.37772785623,2513.5959563543,1466.46405648267,1.03369704749679,7.12836970474968,0.425601620179339,0,17.1,0.2,2.5,7.4,0,1.3,0.5,5,2.701540436457,0.336649550706033,54.6,0,3133,0,0.0614896413456117,0.0701326807635014,0.113511868454387,-0.00383333690467384,-0.0353560542972997,-0.0638159060364712,1282.34366925065,1333.25402985075,1144.12702078522,0.428877125087831,0.469123466954171,0.494850474268842,54.6,50.5,50.5
29,1485.46475195822,2559.81135770235,1501.63381201044,1.02839425587467,6.25685378590078,0.427849151735822,2,17.1,0.2,2.5,7.4,0,1.3,0.5,5,2.81723237597911,0.340731070496084,54.6,0,3065,0,0.0119512624887887,0.0564716914786638,0.0703274855414728,0.00263346361670006,0.000951050201219574,-0.0228694657688788,1450.37772785623,1282.34366925065,1333.25402985075,0.425601620179339,0.428877125087831,0.469123466954171,54.6,54.6,50.5
30,1437.26829268293,2475.8870698296,1457.81189442031,1.02806548613431,6.37320414300033,0.422770061179912,0,17.1,0.2,2.5,7.4,0,1.3,0.5,5,2.77814901436686,0.320080187103241,54.6,0,2993,0,-0.0164902023343069,-0.0140188295330068,0.016553705798176,-0.00597105082837353,-0.00619849586388111,-0.00822106049449329,1485.46475195822,1450.37772785623,1282.34366925065,0.427849151735822,0.425601620179339,0.428877125087831,54.6,54.6,54.6
31,1350.29573934837,2401.44360902256,1369.1328320802,1.031328320802,6.57268170426065,0.425153277049028,0,17.0699248120301,0.199498746867168,2.49699248120301,7.38421052631579,0,1.29699248120301,0.498997493734336,4.9937343358396,2.71929824561404,0.284461152882205,54.6135338345865,0,798,0,-0.0312001992905537,-0.0519869107310358,-0.0562992605514492,0.00281065016336801,-0.000245074117945873,-0.000447286662851851,1437.26829268293,1485.46475195822,1450.37772785623,0.422770061179912,0.427849151735822,0.425601620179339,54.6,54.6,54.6
32,579.4,829.6,579.4,1,8.4,0.0335360501567398,0,5.1,0,1.3,1.1,0,0.1,0.1,2.5,4,0.6,60,0,5,0,-0.399490823153649,-0.48374856889952,-0.522383510779825,-0.853774447463019,-0.885861842535395,-0.897545768230832,1350.29573934837,1437.26829268293,1485.46475195822,0.425153277049028,0.422770061179912,0.427849151735822,54.6135338345865,54.6,54.6
33,299,1990,299,1,6,0.849748743718593,3,5.1,0,1.3,1.1,0,0.1,0.1,2.5,1,0,60,0,2,0,-0.319216757741348,-0.597522450389632,-0.673755664390057,0.924065147754659,0.948312486318008,0.963365878337757,579.4,1350.29573934837,1437.26829268293,0.0335360501567398,0.425153277049028,0.422770061179912,60,54.6135338345865,54.6
35,1292.97035468502,2330.0471148756,1308.33298041292,1.03388035997882,6.55584965590259,0.428628162489549,3,94.9964531498147,3.84425622022234,1.39857067231339,61.9181048173637,0.59142403388036,16.1670195870831,4.92996294335627,6.14711487559555,2.76177871889889,0.299629433562732,47.0872419269455,0,1889,0,0.624364864433473,0.786388515292102,0.468589378051081,-0.329418170168726,-0.0198400883000309,-0.0129837210705476,299,579.4,1350.29573934837,0.849748743718593,0.0335360501567398,0.425153277049028,60,60,54.6135338345865
36,1343.37432934379,2377.89943596093,1357.94827349016,1.03164121612326,6.51245013069198,0.433222579016394,0,96.3,3.9,1.4,62.8,0.6,16.4,5,6.2,2.84949786765717,0.311322052551933,46.9,0,7269,0,0.0191188864506686,0.372964139427728,0.528844283282544,0.00533087262745366,-0.240670642712489,-0.00701677266174331,1292.97035468502,299,579.4,0.428628162489549,0.849748743718593,0.0335360501567398,47.0872419269455,60,60
37,1459.65811707906,2638.99124924562,1479.88141219071,1.02383826191913,6.25105612552806,0.438861463789351,0,96.3,3.9,1.4,62.8,0.6,16.4,5,6.2,2.88835244417622,0.303862401931201,46.9,0,6628,0,0.0414849952535041,0.0690848038611626,0.328470704693173,0.00646598779036863,0.0122026886563702,-0.1836885687404,1343.37432934379,1292.97035468502,299,0.433222579016394,0.428628162489549,0.849748743718593,46.9,47.0872419269455,60
38,1418.58075601375,2516.39456419869,1430.99906279288,1.02405498281787,6.69478288034989,0.439587063110046,0,96.3,3.9,1.4,62.8,0.6,16.4,5,6.2,2.88722274289285,0.299281474539207,46.9,0,6402,0,-0.0142716997707606,0.00808436584975297,0.0289667325336074,0.000826000953358118,0.00540538202173546,0.0103711955538443,1459.65811707906,1343.37432934379,1292.97035468502,0.438861463789351,0.433222579016394,0.428628162489549,46.9,46.9,47.0872419269455
39,1163.34262522696,2502.65555911567,1172.58218519705,1.01858378724768,5.56808715155399,0.564737152430766,0,96.3,3.9,1.4,62.8,0.6,16.4,5,6.2,2.7751788956531,0.220548969347431,46.9,0,9363,0,-0.0988558113851302,-0.136469751474316,-0.135857256803747,0.124611243445255,0.173938656374865,0.203868401066191,1418.58075601375,1459.65811707906,1343.37432934379,0.439587063110046,0.438861463789351,0.433222579016394,46.9,46.9,46.9
40,1152.73836549376,2236.7582292849,1166.83541430193,1.02241770715096,6.20261066969353,0.483950179077193,0,170.2,6.1,12.6,84.7,3.4,24.4,7,31.9,2.66004540295119,0.246027241770715,44.4,0,3524,0,-0.0045785358006414,-0.0740218710556345,-0.112308524914405,-0.0770362823372772,-0.0244738856746739,0.00449623614423193,1163.34262522696,1418.58075601375,1459.65811707906,0.564737152430766,0.439587063110046,0.438861463789351,46.9,46.9,46.9
41,1317.60466946485,2354.32266526758,1328.55508919203,1.01626442812172,6.2591815320042,0.445512438381245,2,170.2,6.1,12.6,84.7,3.4,24.4,7,31.9,2.74134312696747,0.239506820566632,44.4,0,3812,0,0.066738222845174,0.0878249738841428,0.0431790890837846,-0.0413548000467773,-0.105516315771592,-0.0784662905367545,1152.73836549376,1163.34262522696,1418.58075601375,0.483950179077193,0.564737152430766,0.439587063110046,44.4,46.9,46.9
42,1226.30482795291,2417.36113012025,1235.23942631163,1.02131195620295,6.42135106070975,0.52857251347089,3,170.2,6.1,12.6,84.7,3.4,24.4,7,31.9,2.98973506696647,0.290937530550396,44.4,0,10229,0,-0.0358895792498176,-0.0047971512869011,0.0093063605337404,0.0852698472876658,0.0875715589938899,0.0452437336996935,1317.60466946485,1152.73836549376,1163.34262522696,0.445512438381245,0.483950179077193,0.564737152430766,44.4,44.4,46.9
43,1199.71533601045,2158.9701425017,1209.57407860362,1.02239312372766,6.49513684686722,0.457811012693673,0,170.2,6.1,12.6,84.7,3.4,24.4,7,31.9,2.93915403754807,0.227550327980095,44.4,0,4421,0,-0.0109601281709963,-0.0385932970918329,-0.0199131173319891,-0.0717383237860474,-0.0408290322148737,-0.0441591268327633,1226.30482795291,1317.60466946485,1152.73836549376,0.52857251347089,0.445512438381245,0.483950179077193,44.4,44.4,44.4
44,1243.6909554482,2312.85399892646,1258.23792270531,1.02388620504563,6.68625872249061,0.447004966858879,0,103.705636070853,5.03832528180354,6.28582930756844,45.3062801932367,1.61191626409018,21.7178743961353,6.77648953301127,16.9806763285024,2.75630703166935,0.22061191626409,45.8528180354267,0,3726,0,0.0179976697250378,0.0167211382412259,-0.00251677808563829,-0.0119428105592677,-0.0644442123655968,-0.0483692686773156,1199.71533601045,1226.30482795291,1317.60466946485,0.457811012693673,0.52857251347089,0.445512438381245,44.4,44.4,44.4
45,1217.46358605227,2242.33548983364,1224.58465814099,1.01404805914972,6.12569316081331,0.480418348167245,4,51.2,4.2,1.3,14.2,0.2,19.6,6.6,5.2,2.82809611829945,0.234935304990758,47,0,5410,0,-0.0106565308897439,-0.00231614879463538,-0.00354404380825407,0.0360281877401632,0.0404413287058453,0.00411042081623931,1243.6909554482,1199.71533601045,1226.30482795291,0.447004966858879,0.457811012693673,0.52857251347089,45.8528180354267,44.4,44.4
46,1256.30820668693,2342.56109422492,1265.22492401216,1.01914893617021,6.40182370820669,0.456688308005445,2,51.2,4.2,1.3,14.2,0.2,19.6,6.6,5.2,2.76443768996961,0.233130699088146,47,0,3290,0,0.0157025885527012,0.0138432784292141,0.0219749500017342,-0.0253226673884883,-0.0101485304952988,-0.00823563563921833,1217.46358605227,1243.6909554482,1199.71533601045,0.480418348167245,0.447004966858879,0.457811012693673,47,45.8528180354267,44.4
47,1334.09808718055,2430.65198906772,1350.06741605999,1.02399028241725,6.06771940479806,0.43937376642527,0,51.2,4.2,1.3,14.2,0.2,19.6,6.6,5.2,2.70513209839053,0.24506529000911,47,0,3293,0,0.0300299920818513,0.0510585675858217,0.056384852649903,-0.0193229264737889,-0.0423973507825152,-0.0361891157106647,1256.30820668693,1217.46358605227,1243.6909554482,0.456688308005445,0.480418348167245,0.447004966858879,47,47,45.8528180354267
48,1531.26503033646,2747.30198565913,1541.0388858246,1.01765030336459,6.32101489244346,0.425022618959376,0,68.7561224489796,4.57959183673469,1.86938775510204,27.6438775510204,0.48469387755102,20.5173469387755,6.66326530612245,7.09795918367347,2.79178157749586,0.236348593491451,46.6204081632653,0,3626,0,0.0688104561514588,0.114546680137487,0.147200852628749,-0.0166025074937201,-0.0348326165174741,-0.0562933080768836,1334.09808718055,1256.30820668693,1217.46358605227,0.43937376642527,0.456688308005445,0.480418348167245,47,47,47
49,1548.57859872611,2728.9174522293,1561.90012738854,1.01987261146497,6.07796178343949,0.453343799270327,0,106.7,5.4,3.1,56.7,1.1,22.5,6.8,11.2,2.72917197452229,0.251974522292994,45.8,0,3925,0,0.00562157384429482,0.0525140780817811,0.0924235226131975,0.0322430135341809,0.0320937417318579,0.0219488723169092,1531.26503033646,1334.09808718055,1256.30820668693,0.425022618959376,0.43937376642527,0.456688308005445,46.6204081632653,47,47
50,1521.4556994161,2599.87890327494,1533.14927646611,1.02107133790302,6.18405686722518,0.449035802993145,0,106.7,5.4,3.1,56.7,1.1,22.5,6.8,11.2,2.61690784463062,0.24041634932724,45.8,0,3939,0,-0.00883472192034858,-0.00802647852136009,0.0253437759042555,-0.00477403995655046,0.0148449260077576,0.0166219286031582,1548.57859872611,1531.26503033646,1334.09808718055,0.453343799270327,0.425022618959376,0.43937376642527,45.8,46.6204081632653,47
51,1580.20835104122,2780.15767105822,1589.86102847429,1.02039949001275,6.48427539311517,0.470631193406913,0,106.7,5.4,3.1,56.7,1.1,22.5,6.8,11.2,2.69974500637484,0.285380365490863,45.8,0,4706,0,0.0189423002199307,0.0194360618915464,0.0225391169708656,0.0234817499141548,0.0283193582111413,0.0469909837661654,1521.4556994161,1548.57859872611,1531.26503033646,0.449035802993145,0.453343799270327,0.425022618959376,45.8,45.8,46.6204081632653
52,1299.94516754362,2293.50401550817,1311.89725837718,1.02243145942952,6.28773193021324,0.436969800511171,6,106.7,5.4,3.1,56.7,1.1,22.5,6.8,11.2,2.68291332040986,0.238715037385766,45.8,0,3611,0,-0.0973084183496282,-0.113997788199375,-0.126114867238821,-0.0370883164753124,-0.0337064389539099,-0.0343105303271678,1580.20835104122,1521.4556994161,1548.57859872611,0.470631193406913,0.449035802993145,0.453343799270327,45.8,45.8,45.8
53,1570.97643097643,2462.71885521886,1575.95286195286,1.01515151515152,6.1010101010101,0.430649208446882,0,106.7,5.4,3.1,56.7,1.1,22.5,6.8,11.2,2.76936026936027,0.220538720538721,45.8,0,594,0,0.0944056652653039,0.0588163783881049,0.0521248406009316,-0.00728498568960437,-0.034599342441714,-0.0361940793900075,1299.94516754362,1580.20835104122,1521.4556994161,0.436969800511171,0.470631193406913,0.449035802993145,45.8,45.8,45.8
