"week_year","list_price","product_mrp","gmv","units","sla","promotional_offer","Total.Investment","TV","Digital","Sponsorship","Content.Marketing","Online.marketing","Affiliates","SEM","product_procurement_sla","per_order","NPS","Mass_p","Middle_p","inc_LP_MA1","inc_LP_MA2","inc_LP_MA3","inc_PO_MA1","inc_PO_MA2","inc_PO_MA3","inc_PO_MA3.1","list_price-1","list_price-2","list_price-3","promotional_offer-1","promotional_offer-2","promotional_offer-3","NPS-1","NPS-2","NPS-3"
4,868.361392841255,2220.34685598377,889.654947061064,1.02952445345954,6.21703853955375,0.441327683643675,74.2,4.4,0.5,4.2,0.9,22.9,7.4,4.2,2.6797385620915,0.196754563894523,47.1,2792,1620,25,0.0265827364466335,0.0624504126322006,0.069385740484441,0.00387500236750562,-0.0132833094751452,-0.0197096632995422,823.390011136102,760.206962785114,796.11708428246,0.437920594484303,0.462558406247423,0.45899729020679,47.1,47.1,47.1
5,784.776575701992,1517.78125,797.015976743659,1.0203125,5.80546875,0.427115413586516,58.41765625,3.3115625,1.3465625,8.73515625,0.71859375,21.0859375,6.85578125,4.62328125,2.55833333333333,0.194010416666667,49.035,2246,1578,16,-0.0505613074829547,-0.0493425689416979,-0.0301626921548786,-0.0163652288819921,-0.0191504487713614,-0.0341792573485918,868.361392841255,823.390011136102,760.206962785114,0.441327683643675,0.437920594484303,0.462558406247423,47.1,47.1,47.1
6,722.120649782114,1508.43341975018,733.442434682735,1.02238981852463,5.75135517322649,0.45397704835677,48.1,2.6,1.9,11.7,0.6,19.9,6.5,4.9,2.47702097572472,0.181239688899364,50.3,2205,2014,24,-0.0415794288158898,-0.0879469154926371,-0.0969678343148394,0.03048673769267,0.0298777961113201,0.0315663053697019,784.776575701992,868.361392841255,823.390011136102,0.427115413586516,0.441327683643675,0.437920594484303,49.035,47.1,47.1
7,666.92287542068,1735.3347465793,679.222933235288,1.02235498169204,5.35979957602621,0.484577946656585,48.1,2.6,1.9,11.7,0.6,19.9,6.5,4.9,2.6989786085951,0.1771054153016,50.3,2877,2301,11,-0.0397379731879714,-0.0796070818237068,-0.123099161845924,0.0326042676906527,0.0644836637122193,0.0726695257435254,722.120649782114,784.776575701992,868.361392841255,0.45397704835677,0.427115413586516,0.441327683643675,50.3,49.035,47.1
8,632.775410989719,1745.23572918642,643.800384173831,1.02067134458562,5.85909349516404,0.50254097353046,48.1,2.6,1.9,11.7,0.6,19.9,6.5,4.9,2.58429736392945,0.175042670206713,50.3,2276,2983,14,-0.0262733780508957,-0.0610800012863259,-0.0981594486159735,0.0181974294145541,0.0461641372259112,0.0759831105565999,666.92287542068,722.120649782114,784.776575701992,0.484577946656585,0.45397704835677,0.427115413586516,50.3,50.3,49.035
9,695.859899567613,1319.06211055276,708.410452331432,1.02130653266332,5.79738693467337,0.47009286031359,70.1014271356784,5.44026130653266,1.98478391959799,24.3751959798995,0.51521608040201,19.2641206030151,6.37282412060302,5.02717587939699,2.42391959798995,0.167236180904523,49.7489045226131,2287,2666,22,0.0474806653689125,0.0461131694236856,0.0241974002391388,-0.0333610780211375,-0.0322075350939997,-0.016124721501992,632.775410989719,666.92287542068,722.120649782114,0.50254097353046,0.484577946656585,0.45397704835677,50.3,50.3,50.3
10,757.338088040376,1397.06125378848,769.627315281627,1.02089647471686,5.430531185197,0.480956751317607,100,9.3,2.1,41.6,0.4,18.4,6.2,5.2,2.46913383314723,0.214228744616366,49,3049,3188,32,0.0423054456426536,0.0891865954036071,0.100423717650493,0.0114230539302609,-0.00737506923769958,-0.00739952502188184,695.859899567613,632.775410989719,666.92287542068,0.47009286031359,0.50254097353046,0.484577946656585,49.7489045226131,50.3,50.3
11,863.951112627008,1438.73853336995,878.832052320071,1.02773963196924,5.7767096951387,0.40514577912515,100,9.3,2.1,41.6,0.4,18.4,6.2,5.2,2.52046141170008,0.196099972535018,49,2333,1284,24,0.0657581784562224,0.11855268079994,0.171489113486938,-0.0855555306388493,-0.103788918868392,-0.128126426298,757.338088040376,695.859899567613,632.775410989719,0.480956751317607,0.47009286031359,0.50254097353046,49,49.7489045226131,50.3
12,935.549443380622,1524.53190848886,950.322171081538,1.02046959662854,5.91691751956653,0.400843067598015,100,9.3,2.1,41.6,0.4,18.4,6.2,5.2,2.56020469596629,0.242323901264299,49,2196,1094,32,0.039787890320224,0.0977025619803522,0.150490192479612,-0.00533842564277166,-0.0655943773965592,-0.0874574982873314,863.951112627008,757.338088040376,695.859899567613,0.40514577912515,0.480956751317607,0.47009286031359,49,49,49.7489045226131
13,1013.27555622369,1654.00420926037,1035.09380637402,1.02465423932652,5.82291040288635,0.407167472662481,100,9.3,2.1,41.6,0.4,18.4,6.2,5.2,2.49458809380637,0.402585688514732,49,2187,1111,28,0.0398835774678855,0.0807211620762949,0.135286435539321,0.00782713188670454,0.00687965637109675,-0.0386297592439693,935.549443380622,863.951112627008,757.338088040376,0.400843067598015,0.40514577912515,0.480956751317607,49,49,49
14,1021.3653740366,1667.54777965149,1042.31703255754,1.0292299044407,5.78218100056211,0.407585029002869,56.8,5.2,0.9,24.3,0,16.5,5.7,4.2,2.47273749297358,0.815064643057898,51.8,2298,1237,23,0.00397604200947448,0.0316160705732077,0.0655479227301855,0.000512494701807329,0.00588972017196535,0.00592245495094288,1013.27555622369,935.549443380622,863.951112627008,0.407167472662481,0.400843067598015,0.40514577912515,49,49,49
15,990.338925504294,1642.01527860995,1010.19532654284,1.02486518873577,5.95176752546435,0.419213430121039,56.8,5.2,0.9,24.3,0,16.5,5.7,4.2,2.54703415218694,0.969442780107849,51.8,2132,1175,31,-0.0154229667548009,-0.01783915325878,0.000208659704182307,0.0140643720242192,0.0191855852474427,0.025718430174769,1021.3653740366,1013.27555622369,935.549443380622,0.407585029002869,0.407167472662481,0.400843067598015,51.8,49,49
16,950.342563010295,1628.11537096202,965.870074547391,1.02520411785588,5.40539581114661,0.437778504246042,56.8,5.2,0.9,24.3,0,16.5,5.7,4.2,2.28789492367767,0.951011714589989,51.8,1918,877,22,-0.0206094419567082,-0.037480559448235,-0.0437580020961706,0.0216630675044958,0.0385572019580677,0.0474771019068586,990.338925504294,1021.3653740366,1013.27555622369,0.419213430121039,0.407585029002869,0.407167472662481,51.8,51.8,49
17,905.953208048595,1645.45292331055,915.200645406226,1.0172741078208,6.16628701594533,0.454452247606526,56.8,5.2,0.9,24.3,0,16.5,5.7,4.2,2.39312832194381,0.695330296127563,51.8,3057,2179,32,-0.0239128675794903,-0.0452376529285163,-0.0631301018480957,0.0186877030699328,0.0395842701958128,0.0574625368893617,950.342563010295,990.338925504294,1021.3653740366,0.437778504246042,0.419213430121039,0.407585029002869,51.8,51.8,51.8
18,960.267720982773,1805.78876023722,972.893532900311,1.02033323919797,5.77520474442248,0.433512263612355,72.409573566789,2.41519344817848,0.826715617057328,29.7230443377577,0.586275063541372,21.7764755718724,6.50612821236939,6.17867833945213,2.34764190906524,0.195707427280429,48.5022027675798,2200,1304,37,0.0291040101893879,0.0228078192052724,0.00897539853599968,-0.0235820055076608,-0.0190129039593835,-0.0062508099638441,905.953208048595,950.342563010295,990.338925504294,0.454452247606526,0.437778504246042,0.419213430121039,51.8,51.8,51.8
19,869.924705316334,1641.01226846283,882.871301419293,1.01852297329805,5.6471012749579,0.475656331241121,78.1,1.4,0.8,31.7,0.8,23.7,6.8,6.9,2.31296608130864,0.165503969208564,47.3,2280,1844,33,-0.0493625776001734,-0.0461859620381016,-0.0560938663090964,0.0463545131973667,0.0464558396959387,0.0561929693399408,960.267720982773,905.953208048595,950.342563010295,0.433512263612355,0.454452247606526,0.437778504246042,48.5022027675798,51.8,51.8
20,815.327533697223,1639.17935239697,829.922045892345,1.0267031118587,5.66989066442389,0.501743089597891,78.1,1.4,0.8,31.7,0.8,23.7,6.8,6.9,2.14802354920101,0.159587888982338,47.3,2377,2339,40,-0.0323970325362505,-0.0754246280209272,-0.0817021611952,0.0266899670703476,0.0668486804537184,0.0759146372994619,869.924705316334,960.267720982773,905.953208048595,0.475656331241121,0.433512263612355,0.454452247606526,47.3,48.5022027675798,51.8
21,896.317520843044,1746.93737261442,909.174601937479,1.01945525291829,5.30350194552529,0.483980018068145,78.1,1.4,0.8,31.7,0.8,23.7,6.8,6.9,2.04595145451177,0.202890494719288,47.3,3105,2228,64,0.0473170456287003,0.0415959329638631,0.0122627316379601,-0.0180203460704144,-0.00645922917170735,0.0216520921478074,815.327533697223,869.924705316334,960.267720982773,0.501743089597891,0.475656331241121,0.433512263612355,47.3,47.3,48.5022027675798
22,890.688113914211,1602.99491202035,900.309236096389,1.02035191859233,5.54038583845665,0.45447261965516,68.27407250371,1.48350646597414,0.967012931948272,29.835022259911,0.577316090735637,19.3298282806869,5.68658045367818,6.00926436294255,1.99597201611194,0.195251218995124,48.1907356370575,3049,1637,31,-0.00315018980317739,0.0267956363671793,0.0260621719860217,-0.0314426079983864,-0.0533107180497794,-0.0511321213471936,896.317520843044,815.327533697223,869.924705316334,0.483980018068145,0.501743089597891,0.475656331241121,47.3,47.3,47.3
23,916.988003814594,1615.6577245509,932.414910268352,1.02491017964072,5.46754491017964,0.44467664926984,42.8,1.7,1.4,25,0,8,2.8,3.7,2.13389221556886,0.204071856287425,50.5,2605,1548,22,0.014549005567118,0.0173707408929928,0.0422328158510961,-0.010894709837257,-0.0354987343882828,-0.05632518192223,890.688113914211,896.317520843044,815.327533697223,0.45447261965516,0.483980018068145,0.501743089597891,48.1907356370575,47.3,47.3
24,893.383950617284,1589.64126984127,914.013756613757,1.03253968253968,5.73042328042328,0.437612663409029,42.8,1.7,1.4,25,0,8,2.8,3.7,2.1521164021164,0.19047619047619,50.5,2300,1449,31,-0.0130382340156816,-0.00774074473176707,-0.00662754635255581,-0.00800642800416928,-0.0178969355187803,-0.0386058533723203,916.988003814594,890.688113914211,896.317520843044,0.44467664926984,0.45447261965516,0.483980018068145,50.5,48.1907356370575,47.3
25,969.885364144935,1708.28350668648,997.226225957713,1.03774145616642,5.87191679049034,0.428201083874042,42.8,1.7,1.4,25,0,8,2.8,3.7,2.14591381872214,0.187221396731055,50.5,1955,1370,40,0.0410576253907845,0.0465420135731285,0.0568235153381637,-0.0108702126346697,-0.0197537845365968,-0.0295522796981682,893.383950617284,916.988003814594,890.688113914211,0.437612663409029,0.44467664926984,0.45447261965516,50.5,50.5,48.1907356370575
26,975.783799250495,2049.48066298343,995.57677942599,1.02989925251869,5.64218394540137,0.409133912911022,42.7749431264218,1.69853753656159,1.40107247318817,24.9828404289893,0,7.99346766330842,2.7977575560611,3.70126746831329,2.26551836204095,0.179720506987325,50.503997400065,1837,1209,31,0.00303157145959317,0.0311013144850856,0.03916199917954,-0.0227712576641699,-0.0372924496789053,-0.0483179130247034,969.885364144935,893.383950617284,916.988003814594,0.428201083874042,0.437612663409029,0.44467664926984,50.5,50.5,50.5
27,780.668961201502,1799.95369211514,813.843554443054,1.0575719649562,4.1927409261577,0.442482234033904,17.1,0.2,2.5,7.4,0,1.3,0.5,5,3.24655819774718,0.285356695869837,54.6,1249,390,9,-0.111084591878681,-0.140969763627263,-0.137316130929415,0.039158864287056,0.0372158384305123,0.0305683755034544,975.783799250495,969.885364144935,893.383950617284,0.409133912911022,0.428201083874042,0.437612663409029,50.503997400065,50.5,50.5
28,958.449221949222,1840.42628992629,979.832923832924,1.02784602784603,6.31777231777232,0.335919297767176,17.1,0.2,2.5,7.4,0,1.3,0.5,5,2.5995085995086,0.243243243243243,54.6,1955,479,30,0.102224370068766,0.0590981495783284,0.0404391155409295,-0.136899700107424,-0.151387103611175,-0.168381003154954,780.668961201502,975.783799250495,969.885364144935,0.442482234033904,0.409133912911022,0.428201083874042,54.6,50.503997400065,50.5
29,819.857939614288,1917.38162782844,837.647537723035,1.04221546774738,4.98784194528875,0.416666047524154,17.1,0.2,2.5,7.4,0,1.3,0.5,5,2.51739277271192,0.242147922998987,54.6,2490,454,18,-0.0779343891372976,-0.038844560931167,-0.0722335234051105,0.107292482191133,0.045964399166651,0.0389369403797823,958.449221949222,780.668961201502,975.783799250495,0.335919297767176,0.442482234033904,0.409133912911022,54.6,54.6,50.503997400065
30,1041.67504911591,3437.14970530452,1064.88821218075,1.03536345776031,5.33477406679764,0.385666748922813,17.1,0.2,2.5,7.4,0,1.3,0.5,5,2.56424361493124,0.20943025540275,54.6,1895,633,17,0.119158301703228,0.108171936515451,0.157207404317101,-0.0386364595073487,0.016471002029862,-0.024082055963816,819.857939614288,958.449221949222,780.668961201502,0.416666047524154,0.335919297767176,0.442482234033904,54.6,54.6,54.6
31,1014.1833976834,4692.42857142857,1029.72329472329,1.03346203346203,5.80952380952381,0.418455275533223,17.0382239382239,0.198970398970399,2.49382239382239,7.36756756756757,0,1.29382239382239,0.497940797940798,4.98712998712999,2.96782496782497,0.229086229086229,54.6277992277992,513,257,7,-0.013372346464474,0.0580146941557953,0.0580486095554451,0.0407755609387643,0.0283241255489915,0.0752316939339286,1041.67504911591,819.857939614288,958.449221949222,0.385666748922813,0.416666047524154,0.335919297767176,54.6,54.6,54.6
32,986,2051.33333333333,986,1,6.5,0.467265610835618,5.1,0,1.3,1.1,0,0.1,0.1,2.5,2.66666666666667,0.333333333333333,60,5,1,0,-0.0140904067677192,-0.0275681621173228,0.021307523741488,0.0551080323988986,0.102572334035076,0.107229267865894,1014.1833976834,1041.67504911591,819.857939614288,0.418455275533223,0.385666748922813,0.416666047524154,54.6277992277992,54.6,54.6
34,292.333333333333,657.333333333333,292.333333333333,1,3.83333333333333,0.535735515227657,5.1,0,1.3,1.1,0,0.1,0.1,2.5,1.83333333333333,0,60,6,0,0,-0.542633637548892,-0.617450992555657,-0.649290319680767,0.06826503242402,0.13067593482139,0.185830672522131,986,1014.1833976834,1041.67504911591,0.467265610835618,0.418455275533223,0.385666748922813,60,54.6277992277992,54.6
35,825.52641509434,1756.12830188679,851.352830188679,1.04339622641509,5.10754716981132,0.378246337150346,95.0954716981132,3.84849056603774,1.39867924528302,61.9850943396226,0.592075471698113,16.1847169811321,4.93528301886792,6.1511320754717,2.55660377358491,0.207547169811321,47.0730188679245,1648,454,18,0.476976724952276,0.177159859222508,0.0590314199134342,-0.17231105592256,-0.178467985156732,-0.159313748861162,292.333333333333,986,1014.1833976834,0.535735515227657,0.467265610835618,0.418455275533223,60,60,54.6277992277992
36,865.047006347573,1910.16486532853,877.436095385143,1.0291645222165,5.27020072053525,0.363974224245489,96.3,3.9,1.4,62.8,0.6,16.4,5,6.2,2.68588094012695,0.215645908389089,46.9,4761,1046,22,0.0233770333497407,0.30875595274114,0.165475480098814,-0.0192289376597394,-0.145571046837969,-0.165781111108232,825.52641509434,292.333333333333,986,0.378246337150346,0.535735515227657,0.467265610835618,47.0730188679245,60,60
37,895.752845847556,1771.70031722336,910.217111778404,1.03172233625676,5.37506997574174,0.379452337591626,96.3,3.9,1.4,62.8,0.6,16.4,5,6.2,2.55626049636126,0.22000373203956,46.9,4315,1012,32,0.0174385745555938,0.0390253432174199,0.244680469554314,0.020819962778689,0.0148743130037988,-0.0842273169674482,865.047006347573,825.52641509434,292.333333333333,0.363974224245489,0.378246337150346,0.535735515227657,46.9,47.0730188679245,60
38,991.560131698314,2775.83566015158,1014.92471087661,1.03310729956123,5.94495412844037,0.365874853287487,96.3,3.9,1.4,62.8,0.6,16.4,5,6.2,2.66134822497008,0.216593538093339,46.9,3848,1134,32,0.0507638568645561,0.080774467185433,0.108542889431968,-0.0182168106440941,-0.0105263142216667,-0.0161664316915021,895.752845847556,865.047006347573,825.52641509434,0.379452337591626,0.363974224245489,0.378246337150346,46.9,46.9,47.0730188679245
39,924.397506925208,2586.82583102493,941.217797783934,1.03185595567867,5.8898891966759,0.403880223854598,96.3,3.9,1.4,62.8,0.6,16.4,5,6.2,2.54743767313019,0.187673130193906,46.9,3974,1770,32,-0.0350543370162181,-0.0136991215518762,0.00566600787084889,0.0493733288622344,0.0543272311243735,0.0676318386391666,991.560131698314,895.752845847556,865.047006347573,0.365874853287487,0.379452337591626,0.363974224245489,46.9,46.9,46.9
40,920.111961337092,2282.23600483286,938.904550946436,1.02899718082964,5.59202577527185,0.354936949535697,170.2,6.1,12.6,84.7,3.4,24.4,7,31.9,2.68385018123238,0.180024164317358,44.4,1984,482,17,-0.00232340666277685,-0.026703757887461,-0.0137666250755065,-0.0644994288943521,-0.0532422891336506,-0.0561093523543613,924.397506925208,991.560131698314,895.752845847556,0.403880223854598,0.365874853287487,0.379452337591626,46.9,46.9,46.9
41,785.433037300178,1717.26358792185,802.810301953819,1.02806394316163,5.77690941385435,0.384835597903486,170.2,6.1,12.6,84.7,3.4,24.4,7,31.9,2.43907637655417,0.168028419182949,44.4,2076,729,10,-0.0789653302284743,-0.104049192361876,-0.132478293160368,0.0404160014740834,0.00949066245377771,0.0197510575806428,920.111961337092,924.397506925208,991.560131698314,0.354936949535697,0.403880223854598,0.365874853287487,44.4,46.9,46.9
42,657.379490603715,4823.07232876712,668.241414317709,1.02703196347032,5.25954337899543,0.521435583536078,170.2,6.1,12.6,84.7,3.4,24.4,7,31.9,3.46155251141553,0.211141552511416,44.4,7094,3831,25,-0.0887527272046204,-0.165382355301319,-0.200103316474167,0.150727495732139,0.240324029150204,0.252631626480528,785.433037300178,920.111961337092,924.397506925208,0.384835597903486,0.354936949535697,0.403880223854598,44.4,44.4,46.9
43,795.483175914994,1722.83884297521,810.766086186541,1.02744982290437,5.86127508854782,0.418730772574104,170.2,6.1,12.6,84.7,3.4,24.4,7,31.9,2.27981109799292,0.171192443919717,44.4,2077,1298,13,0.0950562558278119,0.0661904607480248,0.00744838570509114,-0.10924110429446,-0.051931724389477,-0.00298571170793892,657.379490603715,785.433037300178,920.111961337092,0.521435583536078,0.384835597903486,0.354936949535697,44.4,44.4,44.4
44,702.37781099532,1564.28989433758,715.821999770029,1.03305337306963,5.57328637225684,0.434344863200557,98.8838255215389,4.96133839068003,5.82795990246546,42.4496613383907,1.48225413167163,21.5233811975075,6.76028176645895,15.8988079111352,2.17583310755893,0.162015713898672,45.9581685180168,2476,1206,9,-0.0621588823884958,-0.0223209637300234,-0.0446027993832609,0.0183032898510508,-0.0520014887509689,-0.0124860909725465,795.483175914994,657.379490603715,785.433037300178,0.418730772574104,0.521435583536078,0.384835597903486,44.4,44.4,44.4
45,771.710549599142,1654.41896785876,783.020305144638,1.02399275690358,5.24875509280217,0.433581887542051,51.2,4.2,1.3,14.2,0.2,19.6,6.6,5.2,2.48732458125849,0.192847442281575,47,3197,1210,11,0.0470343165696405,0.0200743230848061,0.0546272109790292,-0.00087907839901568,0.0109494088785382,-0.0407974326128498,702.37781099532,795.483175914994,657.379490603715,0.434344863200557,0.418730772574104,0.521435583536078,45.9581685180168,44.4,44.4
46,742.729681978799,1579.98072598779,756.029714102152,1.02184388050112,6.09733376164472,0.408332028066323,51.2,4.2,1.3,14.2,0.2,19.6,6.6,5.2,2.32348217153871,0.165435271442339,47,1976,1122,15,-0.0191363561374407,0.00512942566541745,-0.0137378328299546,-0.0299910228440429,-0.0401663796254573,-0.0363786544096569,771.710549599142,702.37781099532,795.483175914994,0.433581887542051,0.434344863200557,0.418730772574104,47,45.9581685180168,44.4
47,772.474457215837,1756.50702426564,788.616538952746,1.02458492975734,5.76245210727969,0.423118471885915,51.2,4.2,1.3,14.2,0.2,19.6,6.6,5.2,2.47190293742018,0.171775223499361,47,2010,1111,11,0.019630869839656,0.013340542611069,0.0336552308217905,0.0177839135588248,0.00341732607496264,-0.00406228996437509,742.729681978799,771.710549599142,702.37781099532,0.408332028066323,0.433581887542051,0.434344863200557,47,47,45.9581685180168
48,731.382381889764,1838.7219488189,742.990403543307,1.0246062992126,5.87376968503937,0.426863799675602,67.9701771653543,4.56259842519685,1.84389763779528,27.0420275590551,0.471948818897638,20.4762795275591,6.66043307086614,7.01299212598425,2.52608267716535,0.163877952755906,46.6374015748031,2609,1436,19,-0.0273244595213677,-0.0233418009602387,-0.0307350605165836,0.00440635989125554,0.0177039229432226,0.00919619752707388,772.474457215837,742.729681978799,771.710549599142,0.423118471885915,0.408332028066323,0.433581887542051,47,47,47
49,803.609686653669,1842.62678062678,821.654914573897,1.02872744539411,5.667616334283,0.441823146580236,106.7,5.4,3.1,56.7,1.1,22.5,6.8,11.2,2.56600189933523,0.177113010446344,45.8,2604,1592,16,0.0470538618694246,0.04479481415997,0.0538465487760886,0.0172206419920437,0.0260596689920836,0.0394998300064782,731.382381889764,772.474457215837,742.729681978799,0.426863799675602,0.423118471885915,0.408332028066323,46.6374015748031,47,47
50,817.499155880698,1689.96482836241,832.709060213844,1.02476083286438,5.94513224535734,0.425629045868603,106.7,5.4,3.1,56.7,1.1,22.5,6.8,11.2,2.56359032076533,0.1702307259426,45.8,2538,997,19,0.00856788197226446,0.0425107826884428,0.0464104110758467,-0.0186685800700052,-0.0134656873782613,-0.00868637543298644,803.609686653669,731.382381889764,772.474457215837,0.441823146580236,0.426863799675602,0.423118471885915,45.8,46.6374015748031,47
51,725.241058787319,1787.80166204986,738.209233610342,1.0286241920591,5.99464450600185,0.494885077498258,106.7,5.4,3.1,56.7,1.1,22.5,6.8,11.2,2.57876269621422,0.170821791320406,45.8,3306,2076,33,-0.0598014469424016,-0.0727200682488213,-0.0574345108008306,0.0752362509945467,0.0897853749185223,0.106382252728292,817.499155880698,803.609686653669,731.382381889764,0.425629045868603,0.441823146580236,0.426863799675602,45.8,45.8,46.6374015748031
52,756.280114942529,1791.71793103448,768.701149425287,1.0248275862069,5.77609195402299,0.494261902947495,106.7,5.4,3.1,56.7,1.1,22.5,6.8,11.2,2.4432183908046,0.142758620689655,45.8,2443,1877,30,0.0209508015852829,-0.0131273240146041,-0.0249818882972797,-0.000630012084232022,0.0480709888089511,0.0648758443146347,725.241058787319,817.499155880698,803.609686653669,0.494885077498258,0.425629045868603,0.441823146580236,45.8,45.8,45.8
53,893.700587084149,4490.20743639922,931.011741682975,1.04305283757339,5.59686888454012,0.438899637475444,106.7,5.4,3.1,56.7,1.1,22.5,6.8,11.2,3.09001956947162,0.174168297455969,45.8,324,185,2,0.0832861087240753,0.128779554601935,0.119672668426483,-0.0593276330772905,-0.0779720382356659,-0.0529095330989607,756.280114942529,725.241058787319,817.499155880698,0.494261902947495,0.494885077498258,0.425629045868603,45.8,45.8,45.8
