"week_year","list_price","product_mrp","gmv","units","sla","promotional_offer","number","Total.Investment","TV","Digital","Sponsorship","Content.Marketing","Online.marketing","Affiliates","SEM","product_procurement_sla","per_order","NPS","Mass_p","Premium_p","Middle_p","inc_LP_MA1","inc_LP_MA2","inc_LP_MA3","inc_PO_MA1","inc_PO_MA2","inc_PO_MA3","list_price-1","list_price-2","list_price-3","promotional_offer-1","promotional_offer-2","promotional_offer-3","NPS-1","NPS-2","NPS-3"
4,2185.6046055934,4020.01952191235,2227.41886060102,1.01872509960159,5.90478087649402,0.387857753897803,1,74.2,4.4,0.5,4.2,0.9,22.9,7.4,4.2,2.56573705179283,0.20597609561753,47.1,2508,0,2,0.0303511861784925,0.0221139969969971,0.0215501509903135,-0.00103710923944151,-0.031482846466014,-0.0330426362025086,2056.84133888048,2172.50760869565,2143.03884093711,0.3886630908405,0.424875803165857,0.403049497992431,47.1,47.1,47.1
5,2170.82732205554,4267.43057772103,2175.20459623364,1.00478774337695,4.90903287583786,0.420682158245455,2,56.5139802106607,3.18027449728695,1.44867539099904,9.28218959463773,0.696712416214491,20.8671241621449,6.79013724864347,4.67433769549952,2.6916693265241,0.152250239387169,49.2684008937121,3129,0,4,-0.00339206115997767,0.0154692768441592,0.0113592944444344,0.0405971354718177,0.0541624700163616,0.0373901851144768,2185.6046055934,2056.84133888048,2172.50760869565,0.387857753897803,0.3886630908405,0.424875803165857,47.1,47.1,47.1
6,2092.29782528566,3912.87799483966,2099.59528197567,1.00626612605971,5.21931441208994,0.38858131602963,0,48.1,2.6,1.9,11.7,0.6,19.9,6.5,4.9,2.73534832288979,0.180611868779948,50.3,2709,0,4,-0.018420640740245,-0.026646530969827,-0.0160341720973537,-0.0396667380108557,-0.0262106120462735,-0.0198381674718797,2170.82732205554,2185.6046055934,2056.84133888048,0.420682158245455,0.387857753897803,0.3886630908405,49.2684008937121,47.1,47.1
7,2021.0026583961,3443.184315463,2033.59370846256,1.0097474523704,5.63314133805937,0.354047828311345,2,48.1,2.6,1.9,11.7,0.6,19.9,6.5,4.9,2.60700044306602,0.18785999113868,50.3,2254,0,3,-0.0173328370179621,-0.0351870358758646,-0.0455412000065415,-0.0465016596526536,-0.0869653870184754,-0.0870167843244533,2092.29782528566,2170.82732205554,2185.6046055934,0.38858131602963,0.420682158245455,0.387857753897803,50.3,49.2684008937121,47.1
8,2182.37356447008,4242.84756446991,2202.95311174811,1.01174785100287,5.03438395415473,0.428239807008701,2,48.1,2.6,1.9,11.7,0.6,19.9,6.5,4.9,2.32750716332378,0.19541547277937,50.3,3486,0,4,0.0383907833888702,0.0399395907944474,0.0310627585319238,0.0948397690920976,0.0972358772902725,0.0762828901363762,2021.0026583961,2092.29782528566,2170.82732205554,0.354047828311345,0.38858131602963,0.420682158245455,50.3,50.3,49.2684008937121
9,2106.80718188915,3550.83801717408,2111.39461358314,1.00429352068696,5.84738485558158,0.342746948662311,0,70.8290398126464,5.53419203747073,1.98758782201405,24.7943793911007,0.512412177985949,19.2430913348946,6.36861826697892,5.03138173302108,2.6303669008587,0.185011709601874,49.7306791569087,2559,0,3,-0.0176179058541841,0.00162247913498,0.00294526067218354,-0.110887583629089,-0.0860362333509743,-0.0942300522620114,2182.37356447008,2021.0026583961,2092.29782528566,0.428239807008701,0.354047828311345,0.38858131602963,50.3,50.3,50.3
10,2176.19650793651,3922.54825396825,2198.14158730159,1.01015873015873,5.34253968253968,0.385962333817688,3,100,9.3,2.1,41.6,0.4,18.4,6.2,5.2,2.51555555555556,0.25047619047619,49,3145,0,5,0.0162010894859125,0.00977704270416435,0.0257360760773331,0.0593040135406301,0.000810676954487773,0.0217422134245911,2106.80718188915,2182.37356447008,2021.0026583961,0.342746948662311,0.428239807008701,0.354047828311345,49.7306791569087,50.3,50.3
11,2117.01847963041,3478.7484250315,2121.67366652667,1.00461990760185,5.52582948341033,0.346506668355691,0,100,9.3,2.1,41.6,0.4,18.4,6.2,5.2,2.56656866862663,0.193196136077278,49,2376,0,5,-0.013784082203542,-0.00765102514777749,-0.0133205015183121,-0.0538666692309503,-0.0331988618108527,-0.0781061124073215,2176.19650793651,2106.80718188915,2182.37356447008,0.385962333817688,0.342746948662311,0.428239807008701,49,49.7306791569087,50.3
12,1957.09176470588,3353.97317647059,1967.12470588235,1.01317647058824,5.50494117647059,0.356565222086998,0,100,9.3,2.1,41.6,0.4,18.4,6.2,5.2,2.47576470588235,0.221176470588235,49,2120,0,5,-0.0392543906112632,-0.0606420569706156,-0.0632690758441169,0.0143065792674124,-0.0177575300836077,-0.00385553650173132,2117.01847963041,2176.19650793651,2106.80718188915,0.346506668355691,0.385962333817688,0.342746948662311,49,49,49.7306791569087
13,1961.43491735537,3128.79803719008,1976.84710743802,1.00981404958678,5.54803719008264,0.331428241729122,0,100,9.3,2.1,41.6,0.4,18.4,6.2,5.2,2.52892561983471,0.392561983471074,49,1930,0,6,0.00110836367897451,-0.0250582848067292,-0.0445705691839249,-0.0365366557676995,-0.038874240547479,-0.0667032754061612,1957.09176470588,2117.01847963041,2176.19650793651,0.356565222086998,0.346506668355691,0.385962333817688,49,49,49
14,2017.12239297475,3342.38583973655,2027.06476399561,1.00713501646542,5.51701427003293,0.34074235397636,0,56.8,5.2,0.9,24.3,0,16.5,5.7,4.2,2.66245883644347,0.830406147091109,51.8,1813,2,7,0.0139969017097707,0.0194954422718378,0.00196481689144459,0.0138567683661658,-0.00632694589886689,-0.00892429543614881,1961.43491735537,1957.09176470588,2117.01847963041,0.331428241729122,0.356565222086998,0.346506668355691,49,49,49
15,2113.56203931204,3392.06695331695,2133.51228501228,1.01474201474201,6.02764127764128,0.334173355480444,0,56.8,5.2,0.9,24.3,0,16.5,5.7,4.2,2.5460687960688,0.969287469287469,51.8,1620,0,8,0.0233471348194701,0.0408013622235675,0.0503200918880256,-0.00973306503889605,-0.00379977913126699,-0.0192351419047183,2017.12239297475,1961.43491735537,1957.09176470588,0.34074235397636,0.331428241729122,0.356565222086998,51.8,49,49
16,2259.04533333333,3603.86133333333,2286.95288888889,1.03644444444444,5.248,0.332416558076397,0,56.8,5.2,0.9,24.3,0,16.5,5.7,4.2,2.59822222222222,0.946666666666667,51.8,1116,0,9,0.0332715200846579,0.0606295177715197,0.0820264808996399,-0.00263549953024866,-0.0100092031487305,-0.00679305737943152,2113.56203931204,2017.12239297475,1961.43491735537,0.334173355480444,0.34074235397636,0.331428241729122,51.8,51.8,49
17,2059.72902717605,3432.72548247341,2078.63607719575,1.01851122489169,5.87199684915321,0.356556491017225,0,56.8,5.2,0.9,24.3,0,16.5,5.7,4.2,2.60023631350926,0.678613627412367,51.8,2530,0,9,-0.0461511275003892,-0.0393557336802681,-0.0249178899211237,0.0350375576701961,0.0454705878548995,0.0457054911023157,2259.04533333333,2113.56203931204,2017.12239297475,0.332416558076397,0.334173355480444,0.34074235397636,51.8,51.8,51.8
18,2015.49287280702,3371.47039473684,2020.81195175439,1.00603070175439,5.26754385964912,0.362617490326708,0,72.7866776315789,2.34791666666667,0.824945175438597,29.8540570175439,0.600438596491228,21.9039473684211,6.52560307017544,6.2264802631579,2.44353070175439,0.196271929824561,48.4225328947368,1816,0,8,-0.0108549069117488,-0.0454336080709805,-0.04567537635385,0.0084277232863125,0.034482938178373,0.0466934278228469,2059.72902717605,2259.04533333333,2113.56203931204,0.356556491017225,0.332416558076397,0.334173355480444,51.8,51.8,51.8
19,2052.04843918192,3345.33745963401,2061.43810548977,1.00968783638321,5.24219590958019,0.340775993583747,0,78.1,1.4,0.8,31.7,0.8,23.7,6.8,6.9,2.52260495156082,0.206673842841765,47.3,1842,0,16,0.00898714077399818,0.00471253540033887,-0.0212395911061136,-0.0310516051720226,-0.0354941224268688,-0.0210164191507493,2015.49287280702,2059.72902717605,2259.04533333333,0.362617490326708,0.356556491017225,0.332416558076397,48.4225328947368,51.8,51.8
20,2110.98403962576,3386.18161805173,2117.33461750138,1.00550357732526,5.16565767749037,0.323108035546946,0,78.1,1.4,0.8,31.7,0.8,23.7,6.8,6.9,2.6020913593836,0.198128783709411,47.3,1810,0,7,0.0141568918195709,0.0249941140440934,0.0249666701530614,-0.0266130186320878,-0.0557012451835295,-0.0655257173599978,2052.04843918192,2015.49287280702,2059.72902717605,0.340775993583747,0.362617490326708,0.356556491017225,47.3,48.4225328947368,51.8
21,2276.19858573954,3660.41131408368,2289.65232763701,1.0123747790218,4.60695344725987,0.343671349554514,2,78.1,1.4,0.8,31.7,0.8,23.7,6.8,6.9,2.53152622274602,0.228638774307602,47.3,1684,0,13,0.0376584610721615,0.0604675758282928,0.0768884247931292,0.0308397566976944,0.0232827599103744,0.00329340137160505,2110.98403962576,2052.04843918192,2015.49287280702,0.323108035546946,0.340775993583747,0.362617490326708,47.3,47.3,48.4225328947368
22,2266.916570771,3721.65650172612,2268.12140391254,1.00230149597238,4.43037974683544,0.351612677192196,1,68.7570771001151,1.47940161104718,0.958803222094361,29.9266973532796,0.588262370540852,19.5446490218642,5.74131185270426,6.05304948216341,2.42750287686997,0.211737629459148,48.1469505178366,1733,0,5,-0.00204309480362561,0.0220391238323977,0.0415245253020082,0.0114217029763227,0.0357877585974576,0.034787937140605,2276.19858573954,2110.98403962576,2052.04843918192,0.343671349554514,0.323108035546946,0.340775993583747,47.3,47.3,47.3
23,2162.85610302352,3349.76091825308,2175.38465845465,1.00895856662934,5.71276595744681,0.304943265555253,0,42.8,1.7,1.4,25,0,8,2.8,3.7,2.5929451287794,0.196528555431131,50.5,1777,0,9,-0.0234911530253193,-0.032419308411801,-0.0187741551872815,-0.071082155530644,-0.085378089853623,-0.0782585210630152,2266.916570771,2276.19858573954,2110.98403962576,0.351612677192196,0.343671349554514,0.323108035546946,48.1469505178366,47.3,47.3
24,2124.50347036839,3263.05712760278,2141.06513614522,1.0176187933796,5.41591030432461,0.297229023070271,0,42.8,1.7,1.4,25,0,8,2.8,3.7,2.60651361452216,0.219967965830219,50.5,1865,0,8,-0.00894551343282416,-0.0275798164559664,-0.0376492610644222,-0.0128106899482045,-0.065106810059297,-0.0836561676914805,2162.85610302352,2266.916570771,2276.19858573954,0.304943265555253,0.351612677192196,0.343671349554514,50.5,48.1469505178366,47.3
25,2380.96511627907,3694.00944767442,2399.23909883721,1.01671511627907,4.63008720930233,0.303797112036695,0,42.8,1.7,1.4,25,0,8,2.8,3.7,2.72093023255814,0.205668604651163,50.5,1374,0,2,0.0569223025260311,0.0711678991728349,0.0658761400523372,0.0109281253888487,0.00598467833891797,-0.0337104276962694,2124.50347036839,2162.85610302352,2266.916570771,0.297229023070271,0.304943265555253,0.351612677192196,50.5,50.5,48.1469505178366
26,2261.45525017618,3518.12262156448,2273.87949260042,1.0077519379845,4.33403805496829,0.300445123677161,0,42.745665961945,1.69682875264271,1.40232558139535,24.9627906976744,0,7.98583509513742,2.79513742071882,3.70274841437632,2.42283298097252,0.202255109231853,50.5086680761099,1415,0,4,-0.025743008316617,0.00257752475504227,0.0129948399220629,-0.00554742479326051,-0.00015073997237349,-0.00384115868737138,2380.96511627907,2124.50347036839,2162.85610302352,0.303797112036695,0.297229023070271,0.304943265555253,50.5,50.5,50.5
27,2304.10154241645,3727.58354755784,2327.3264781491,1.00642673521851,6.57840616966581,0.318671582353426,0,17.1,0.2,2.5,7.4,0,1.3,0.5,5,2.73778920308483,0.239074550128535,54.6,775,0,3,0.00934087432872653,-0.00492581497204296,0.0160269412053935,0.0294394554350219,0.0358656771033226,0.0447025433721343,2261.45525017618,2380.96511627907,2124.50347036839,0.300445123677161,0.303797112036695,0.297229023070271,50.5086680761099,50.5,50.5
28,2144.95691493745,3395.61294117647,2155.42750317275,1.01019607843137,7.65803921568627,0.319971531573225,0,17.1,0.2,2.5,7.4,0,1.3,0.5,5,2.67803921568627,0.251372549019608,54.6,2543,0,7,-0.0357704060318536,-0.0410762833862364,-0.0562781010630982,0.00203548616034749,0.0221772100660141,0.0297700642002856,2304.10154241645,2261.45525017618,2380.96511627907,0.318671582353426,0.300445123677161,0.303797112036695,54.6,50.5086680761099,50.5
29,2193.62070410729,3566.02179379715,2204.70117351215,1.00796311818944,7.07460184409053,0.325162613955616,2,17.1,0.2,2.5,7.4,0,1.3,0.5,5,2.69446772841576,0.227158424140821,54.6,2378,0,8,0.0112165307256978,-0.00930604167938174,-0.014560830869619,0.00804651624529358,0.012120818175931,0.0287914413647725,2144.95691493745,2304.10154241645,2261.45525017618,0.319971531573225,0.318671582353426,0.300445123677161,54.6,54.6,50.5086680761099
30,2103.86610693769,3416.87052585064,2115.63676535572,1.0053026955369,7.25099425541317,0.313915438621205,0,17.1,0.2,2.5,7.4,0,1.3,0.5,5,2.72558550596553,0.214317277949624,54.6,2261,0,2,-0.0208853688483512,-0.0203099026913741,-0.0378527556296206,-0.0175990636653244,-0.018042099775024,-0.017264652568148,2193.62070410729,2144.95691493745,2304.10154241645,0.325162613955616,0.319971531573225,0.318671582353426,54.6,54.6,54.6
31,2183.49404761905,3627.47619047619,2192.47916666667,1.00744047619048,7.26636904761905,0.323174349192918,0,17.0821428571429,0.199702380952381,2.49821428571429,7.390625,0,1.29821428571429,0.499404761904762,4.99627976190476,2.63541666666667,0.238095238095238,54.6080357142857,671,0,1,0.0185727202312879,0.0107238835770047,0.0125248314687988,0.0145331329253929,0.00755586143058015,0.00816820147897465,2103.86610693769,2193.62070410729,2144.95691493745,0.313915438621205,0.325162613955616,0.319971531573225,54.6,54.6,54.6
35,1988.75866851595,3578.50485436893,2006.17753120666,1.00832177531207,5.94452149791956,0.376487652797946,3,95.2880721220527,3.85672676837725,1.39889042995839,62.1153952843273,0.593342579750347,16.2191400832178,4.94563106796117,6.15894590846047,2.70735090152566,0.22746185852982,47.0453536754508,1438,0,4,-0.0466739175098417,-0.049368539101869,-0.060769856199764,0.0761986551410919,0.114333166010274,0.124901437029234,2183.49404761905,2103.86610693769,2193.62070410729,0.323174349192918,0.313915438621205,0.325162613955616,54.6080357142857,54.6,54.6
36,2097.2634032634,3600.84382284382,2108.69370629371,1.004662004662,5.45361305361305,0.343153016853049,0,96.3,3.9,1.4,62.8,0.6,16.4,5,6.2,2.77622377622378,0.234965034965035,46.9,4280,0,10,0.0265551024545009,0.00355276068640936,0.00187157188026466,-0.0463212230085102,-0.0128076102121867,0.0117057959889464,1988.75866851595,2183.49404761905,2103.86610693769,0.376487652797946,0.323174349192918,0.313915438621205,47.0453536754508,54.6080357142857,54.6
37,1940.93465045593,3399.76241134752,1962.8085106383,1.01519756838906,5.68186423505572,0.35192800137723,0,96.3,3.9,1.4,62.8,0.6,16.4,5,6.2,2.76747720364742,0.206686930091185,46.9,3930,0,18,-0.0387125026380249,-0.0338732763940908,-0.0544077518460715,0.0126244053484912,-0.0147304296246261,0.00929847656503764,2097.2634032634,1988.75866851595,2183.49404761905,0.343153016853049,0.376487652797946,0.323174349192918,46.9,47.0453536754508,54.6080357142857
38,1944.61116193962,3277.59103385178,1948.99130832571,1.00686184812443,6.45059469350412,0.353913189420951,0,96.3,3.9,1.4,62.8,0.6,16.4,5,6.2,2.64638609332113,0.225068618481244,46.9,4356,0,16,0.000946202068177864,-0.0249006318720946,-0.0242265059047945,0.00281251373481987,0.0121500772060139,-0.00689528435126756,1940.93465045593,2097.2634032634,1988.75866851595,0.35192800137723,0.343153016853049,0.376487652797946,46.9,46.9,47.0453536754508
39,1884.98391294062,3113.86822805772,1897.59711379229,1.00946297610599,6.30234208658623,0.326769515628731,0,96.3,3.9,1.4,62.8,0.6,16.4,5,6.2,2.53347527797492,0.228057724154247,46.9,4221,0,6,-0.0155701184676454,-0.0200290080834078,-0.041670830876999,-0.0398771315781245,-0.0506504137669624,-0.0499254774659143,1944.61116193962,1940.93465045593,2097.2634032634,0.353913189420951,0.35192800137723,0.343153016853049,46.9,46.9,46.9
40,1924.68170671898,3147.84894556155,1938.43060323688,1.00980872976949,6.34085335948995,0.327880352034398,0,170.2,6.1,12.6,84.7,3.4,24.4,7,31.9,2.52182442373713,0.214811181951937,44.4,2035,0,4,0.0104202829701118,0.00343541670100731,0.000456828880118021,0.0016968404952594,-0.0247104043776298,-0.0359940993504959,1884.98391294062,1944.61116193962,1940.93465045593,0.326769515628731,0.353913189420951,0.35192800137723,46.9,46.9,46.9
41,2349.91171671018,4349.71377284595,2370.12124673629,1.00946475195822,5.61781984334204,0.388495094858903,2,170.2,6.1,12.6,84.7,3.4,24.4,7,31.9,2.51011749347258,0.225195822454308,44.4,3060,1,3,0.0994784691476163,0.144516054454702,0.159850473468328,0.0846130937169501,0.117280269234002,0.112323332621757,1924.68170671898,1884.98391294062,1944.61116193962,0.327880352034398,0.326769515628731,0.353913189420951,44.4,46.9,46.9
42,2377.21210252193,4493.43818530702,2396.72923519737,1.0109649122807,6.21957236842105,0.407593405528463,3,170.2,6.1,12.6,84.7,3.4,24.4,7,31.9,2.31770833333333,0.245202850877193,44.4,7284,0,12,0.00577526353354162,0.0721354194350246,0.113867043126017,0.023990185337769,0.0879129025245846,0.123823328878211,2349.91171671018,1924.68170671898,1884.98391294062,0.388495094858903,0.327880352034398,0.326769515628731,44.4,44.4,46.9
43,2194.73605541378,3773.11447320452,2213.42180094787,1.01130149471382,6.61028071454612,0.354412904961097,0,170.2,6.1,12.6,84.7,3.4,24.4,7,31.9,2.52497265767408,0.195406489245352,44.4,2743,0,0,-0.0399120989137681,-0.048780488845395,-0.00764110574601762,-0.0697901051937476,-0.0758475305284327,-0.0410787925616607,2377.21210252193,2349.91171671018,1924.68170671898,0.407593405528463,0.388495094858903,0.327880352034398,44.4,44.4,44.4
44,2070.22739944245,3337.14536041418,2088.15531660693,1.01194743130227,6.36638789326961,0.32800263147534,0,106.458462763839,5.08227797690163,6.54723217841497,46.9371565113501,1.68594185583433,21.8289127837515,6.78574273197929,17.5983273596177,2.51015531660693,0.180804460374353,45.7926722421346,2510,0,1,-0.029193369952457,-0.0649626549800387,-0.0790892764539627,-0.0387011609138776,-0.0972478696805889,-0.112609439525179,2194.73605541378,2377.21210252193,2349.91171671018,0.354412904961097,0.407593405528463,0.388495094858903,44.4,44.4,44.4
45,2247.79644767673,4649.6350237322,2266.84506621343,1.01049213090182,5.09892580564577,0.43997246107972,4,51.2,4.2,1.3,14.2,0.2,19.6,6.6,5.2,2.55183612290782,0.191356482638021,47,3999,0,4,0.0411227576597891,0.0354119365597252,0.0113851635971931,0.145798777447137,0.175990286924072,0.150268781579141,2070.22739944245,2194.73605541378,2377.21210252193,0.32800263147534,0.354412904961097,0.407593405528463,45.7926722421346,44.4,44.4
46,2049.90944473275,3574.83601453036,2065.24104826155,1.01401141670991,6.47690710949663,0.342984031552446,2,51.2,4.2,1.3,14.2,0.2,19.6,6.6,5.2,2.39699014011417,0.194084068500259,47,1923,0,4,-0.0460447987596095,-0.0342662128594992,-0.0423970088779209,-0.123874609176833,-0.0738164237285039,-0.0637625811093214,2247.79644767673,2070.22739944245,2194.73605541378,0.43997246107972,0.32800263147534,0.354412904961097,47,45.7926722421346,44.4
47,2139.90325077399,3610.35706914345,2149.21904024768,1.00670794633643,6.07894736842105,0.337645507570269,0,51.2,4.2,1.3,14.2,0.2,19.6,6.6,5.2,2.46800825593395,0.202270381836945,47,1935,0,3,0.0214791955109973,-0.00278044076043935,0.00608573756802294,-0.00784350909756125,-0.0960782485415693,-0.0676669114906607,2049.90944473275,2247.79644767673,2070.22739944245,0.342984031552446,0.43997246107972,0.32800263147534,47,47,45.7926722421346
48,2050.69417917235,3584.48021828104,2066.34174624829,1.01136880400182,6.17144156434743,0.361501091751223,0,69.3971350613915,4.59345156889495,1.89017735334243,28.1347430650296,0.495088676671214,20.5508412914961,6.66557526148249,7.16725784447476,2.49022282855844,0.187357889949977,46.606548431105,2196,0,3,-0.0212879125453921,-0.0141694158724221,-0.033637653465377,0.0341210043846394,0.0406596285766945,-0.0243564197016703,2139.90325077399,2049.90944473275,2247.79644767673,0.337645507570269,0.342984031552446,0.43997246107972,47,47,47
49,2202.94265414495,4631.99312005504,2214.08021171754,1.00756793945648,5.03405572755418,0.44843752309394,0,106.7,5.4,3.1,56.7,1.1,22.5,6.8,11.2,2.8968008255934,0.172686618507052,45.8,2904,0,3,0.0357925419913829,0.0336727189494365,0.0436221104299143,0.107337062030728,0.172299740824411,0.203400252179556,2050.69417917235,2139.90325077399,2049.90944473275,0.361501091751223,0.337645507570269,0.342984031552446,46.606548431105,47,47
50,2142.0820138043,4061.10231425091,2148.03126268778,1.00406008932197,5.71295168493707,0.394622398418811,0,106.7,5.4,3.1,56.7,1.1,22.5,6.8,11.2,2.75720665854649,0.177425903369874,45.8,2460,0,3,-0.0140069723400155,0.00477306695635019,0.00383170165531056,-0.0638330957289078,-0.0171795515375906,0.0235267276793607,2202.94265414495,2050.69417917235,2139.90325077399,0.44843752309394,0.361501091751223,0.337645507570269,45.8,46.606548431105,47
51,2282.91095133376,4535.8232546706,2321.48137906237,1.015732546706,5.11184857423796,0.43826475933675,0,106.7,5.4,3.1,56.7,1.1,22.5,6.8,11.2,1.56047197640118,0.232300884955752,45.8,4061,0,7,0.0318257991908607,0.0333131230297235,0.0521987937497113,0.0523988880264944,0.02612108988532,0.0670997902423748,2142.0820138043,2202.94265414495,2050.69417917235,0.394622398418811,0.44843752309394,0.361501091751223,45.8,45.8,46.606548431105
52,2229.00978612822,4037.04398708636,2241.17282083363,1.01251008878128,5.34180790960452,0.381184122810798,6,106.7,5.4,3.1,56.7,1.1,22.5,6.8,11.2,2.49677158999193,0.185633575464084,45.8,2475,0,3,-0.0119463900945784,0.00496341951648502,0.00667202250852116,-0.0696573487004581,-0.0580846555410397,-0.0828701250265736,2282.91095133376,2142.0820138043,2202.94265414495,0.43826475933675,0.394622398418811,0.44843752309394,45.8,45.8,45.8
53,2095.64057971014,3725.68115942029,2103.46666666667,1.01159420289855,5.86086956521739,0.360529253889625,0,106.7,5.4,3.1,56.7,1.1,22.5,6.8,11.2,2.40869565217391,0.156521739130435,45.8,345,0,0,-0.0308393037901047,-0.0485261600536938,-0.041953825801821,-0.0278475076357093,-0.0833832181829497,-0.0841378597291385,2229.00978612822,2282.91095133376,2142.0820138043,0.381184122810798,0.43826475933675,0.394622398418811,45.8,45.8,45.8
